109.5
78.25
105
-77.25
-36.25
-71.75
8.5
-14.55
-30.0
90.0
-68.0
96.5
-61.0
-10.799999999999997
-52.25
2.5
9.95
-3.5
3.0
84.25
-13.5
-53.5
-21.5
-26.75
-18.25
88.0
-60.5
-38.25
90.2
199.25
-67.0
-22.5
-60.75
-13.25
89.75
109.25
-18.5
76.5
-1.5
-1.0
1.75
86.25
-61.0
-26.75
-7.75
95
-21.0
83.25
100.0
84.75
37.5
-30.0
-46.8
-35.8
2.75
7.75
-3.25
-31.25
-47.5
109.75
0.5
-50.75
105
110.0
105.0
-34.75
-36.0
-17.5
110.0
80.75
-2.25
7.25
99.0
3.5
-52.25
12.5
-44.5
11.0
41.5
93.25
78.5
105.0
-39.25
-48.5
76.25
-2.299999999999997
94.25
90.7
21.5
113.5
9.0
78.75
-1.0
199.25
78.75
98.5
-60.0
-50.75
84.75
-41.0
84.25
-60.75
104.25
-62.75
-14.0
21.25
90.0
77.75
-42.0
9.0
99.75
17.75
77.25
100.0
7.25
-45.5
-56.75
-45.5
121.95
-72.25
179.5
90.25
104.25
-70.75
-28.25
110.0
100.75
110.0
80.0
-16.049999999999997
101.75
-60.75
109.0
9.0
-19.5
-0.25
-41.0
101.5
-62.25
102.45
-36.25
8.0
95.0
-42.0
-67.5
-6.0
-2.0
11.75
83.0
92.25
110.0
-33.75
-46.5
86.0
-5.0
99.25
-35.0
-26.25
-28.25
105
83.75
4.75
-1.0
-16.0
80.0
85.5
-57.25
-61.75
-7.0
78.75
109.5
105.0
-70.25
190.0
-16.3
94.5
-31.75
-40.75
105.0
91.5
75.75
105.75
98.25
-62.25
7.75
90
16.25
-29.5
79.25
-19.75
-46.5
32.75
-52.55
-58.0
105.0
100.0
104.75
79.5
8.5
195
